Full Duty Cycle Satisfaction Architectures
000000000000000000000000000000000000011100000000000101000001
000000000000000000000000000000000000011100000000000001000001
000000000000000000000000000000000000011100000000001101000001
000000000000000000000000000000010000001100000000000101000001
000000000000000000000000000000000000011100000000000101101000
000001000000000000000000000000000000011100000000000101101000
000000000000000000000000000000000000011100000000000101000000
000000000000000000000000000000000000011000000000001101000000
000001000000000000000000000000000000001100000000000101000001
000000001000000000000000000000000100001000000000000101000100
001000001000000000000000000000000100001000000000000000000100
000100000000000000000000000000000100001000000000000101000100
000000000000000000000000000000000100001000000000000101000100
000000001000000000000000000000000100001000000000000101010100
010000001000000000000000000000000100001000000000000101000100
000000001000000000000000000000001000001000000000000000000100
000000001000000000000000000000000100001000000000000000000100
000100000000000000000000000000000100001000000000000101010100
000000000000000000000000000000000100001000000000000101010100
000000000000000000000000000000000100001000000000000001010100
010000001000000000000000000000000100001000000000000101010100
000110000000000000000000000000100001101100000000000111101000
000110000000000000000000000000000000101100000000000111100100
000110000000000000000000000000000000101100000000001111101000
000110000000000000000000000000100001101100000000000101101000
100000000000000000000000000000000001101100000000000101101000
000110000000000000000000000000000000101100000000001001100000
000110100000000000000000000000000000101100000000001001100000
000000000000000000000000000000000000101100000000000101101000
000000000000000000000000000000000000101000000000000101101000
000000000000000000000000000000000001101100000000000101101000
000110000000000000000000000000100001101100000000000101001000
100000000000000000000000000000000001101100000000000101100000
000110000000000000000000000000000001101100000000000101101000
000000001000000000000000000000100001101100000000000101101000
010000000000000000000000000000001000001100000000000101000000
000000001000000000000000000000000101001100000000000101000000
000000001000000000000000000000001000001100000000000101000000
010000001000000000000000000000001000001000000000000101000000
000000001000000000000000000000001000001100000000000101000001
000000001000000000000000000000001000001100000000000101001000
010000001000000000000000000000000000001000000000000101000000
000000001100000000000000000000000000001100000000000001110000
011000001100000000000000000000100000001100000000000000010000
011000001100000000000000000000100110001100000000000001110000
011000001100000000000000000000000000001100000000000101110000
011000001100000000000000000000100000001100000000000111010000
011000001100000000000000000000100000001100000000000001110000
011000001100000000000000000000000000001100000000000001110000
011000001100000000000000000000100110001100000000000101110000
010000001100000000000000000000100000001100000000000001110000
000000001100000000000000000000100000001100000000001001110000
000000001100000000000000000000100000001100000000000000010000
